01001001000000000000000000000000000000000000000000000000000000000000
00001001000001100010000010000000000000000000000000000000000000000000
00001101010000000001000011011000000000000101000000000010010000001000
00001101010000000001000011011000000000000101000000000010010100000100
01101010000000000000000000000000000000000000000000000000000000000000
00001001000001100010000010000010000000000000000000000000000000000000
00001101010000000001000011011000001000000101000000000010010000001010
00001101010000000001000011011000001000000101000000000010010100000110
00001101010000000001000001001000000000000000000001000010010000010000
00001001000001100010000010000100000000000000000000000000000000000000
00010010000000000000000000000000000000000100011000010000000000000000
00010010000000000000000000000000000000000100011000010000000000000000
00001001000000010000010011000000000000000000000000000000000000000000
00001001000001100000100010000110000000000000000000000000000000000000
00001001000001000001010000101000001000000000000000000000000000000000
00001101010000000001000000000000000000000000000000000010010000011110
00101000000000000000000000000001110000000000000000000000000000000000
00101000100000000000000000000001100000000000000000000000000000000000
00001101010000011000000000000000000100000101000000000010010000000000
00001101010000011000000000000000000100000101000000000010010000000000
00001001000001011000010111000000000000000000000000000000000000000000
00001001000001011000010110111000001000000000000000000000000000000000
00001001000000010000010010100000001000000000000000000000000000000000
00001000001000000010000000000110000000000000000000000000000000000000
00001000101000000010000000000110000000000000000000000000000000000000
00101100101000000000000000000001010000000000000000000000000000000000
00010001000000000000000000000000000000000000000000000100000000000000
00001001000001100100000000000000010000000000000000000000000000000000
00101110001001001000000100000001010000000000000000000000000000000000
00101110101000000000000000000001010000000000000000000000000000000000
00001001000000010100001000000000010000000000000000000000000000000000
00001001000001100100000000000000000000000000000000000000000000000000
10000000000010000000000000000000000000000000000000000000000000000000
00110000101000000000000000000001010000000000000000000000000000000000
00011000110000000000000000000000000000000000000000000000000001000000
00010000000100000100000000000000010000000000000000000000000000000000
00010110100000000000000000000000000000100000000000001000000000000000
00010101000000000100000000000000010000000101000000000000000000100000
00010011100001000000000000000000000000000000000111000000000000000000
00001101010001000001000001001000000000000000000111000010010100011000
00010100101000001000000000000000000000000000000000000000000000000000
00110100100000000000000000000001110000000000000000000000000000000000
00011010100000000000000000000000000000000000000000000001001000000000
00001101010000000000000000000000000000000010000000000010010000011100
00110110001000000000000000000001010000000000000000000000000000000000
00010011000001010000011000000000000001000000000011000000000000000000
00001001000000010100001000000000010000100000000000001000000000000000
00000000000000000000000000000000000000000000000000000000000000000000
00111001001000000000000000000001010000000000000000000000000000000000
00111000101000000000000000000001010000000000000000000000000000000000
00001001000000000000000000000000000000000000000000000000000000000000
00010010100000000000000000000000000000000000100000000000100000000000
00001101010001000000000000000000000000000000000111100010010000010010
00111010100000000000000000000001110000000000000000000000000000000000
00001001000000000000000000000000000000000000000000000000000000000000
00001101010000000000000000000000000000000000000000000000000011000001
00001001000000000000000000000000000000000000000000000000000000000000
00111100100000000000000000000001110000000000000000000000000000000000
00011100101000000000000000000000000000001000100000000000000000000000
00001101010001000001000001001000000000000000000001000010010000011010
00001001000000000000000000000000000000000000000000000000000000000000
00111110100000000000000000000001110000000000000000000000000000000000
00001001000000000000000000000000000000000000000000000000000000000000
00011010000001010100000000000000000000000000000111100000000000000000
